weight  treat steerid gain
1       A     1       826
1       A     2       806
1       B     3       827
1       B     4       800
1       C     5       753
1       C     6       773
2       A     7       864
2       A     8       834
2       B     9       871
2       B    10       881
2       C    11       801
2       C    12       821
3       A    13       795
3       A    14       810
3       B    15       729
3       B    16       709
3       C    17       736
3       C    18       740
4       A    19       850
4       A    20       845
4       B    21       860
4       B    22       840
4       C    23       820
4       C    24       835







