-1.8 0.5263157894e-1 
-1.6625000001 0.9215017064e-1 
-1.5249999999 0.134751773 
-1.3874999999 0.1808118081 
-1.25 0.2307692307 
-1.1125 0.2851405622 
-0.975 0.3445378151 
-0.8375 0.4096916299 
-0.7 0.4814814814 
-0.5625 0.5609756097 
-0.425 0.649484536 
-0.2875 0.7486338797 
-0.1499999999 0.8604651162 
-0.8125e-1 0.9219219219 
-0.125e-1 0.9875776397 
0.5625e-1 1.0578778135 
0.125 1.1333333333 
0.19375 1.2145328719 
0.2625 1.3021582733 
0.33125 1.3970037453 
0.3999999999 1.5 
0.46875 1.6122448979 
0.5375 1.735042735 
0.60625 1.8699551569 
0.675 2.0188679245 
0.74375 2.184079602 
0.8125 2.3684210526 
0.88125 2.5754189944 
0.9499999999 2.8095238095 
1.01875 3.076433121 
1.0874999999 3.3835616438 
1.15625 3.7407407407 
1.2250000001 4.1612903225 
1.2593749999 4.4008438818 
1.2937499999 4.6637168141 
1.328125 4.9534883721 
1.3625 5.2745098039 
1.3968750001 5.6321243523 
1.4312499999 6.0329670329 
1.4656249999 6.4853801169 
1.5 7. 
