-1.8 0.1652988882 
-1.6625000001 0.1896642263 
-1.5249999999 0.2176210568 
-1.3874999999 0.2496987719 
-1.25 0.2865047968 
-1.1125 0.3287360926 
-0.975 0.3771923535 
-0.8375 0.4327911499 
-0.7 0.4965853038 
-0.5625 0.5697828247 
-0.425 0.6537697851 
-0.2875 0.7501365667 
-0.1499999999 0.8607079764 
-0.125e-1 0.9875778005 
0.125 1.133148453 
0.2625 1.3001764681 
0.3999999999 1.4918246976 
0.5375 1.711722203 
0.675 1.9640329759 
0.8125 2.2535347872 
0.9499999999 2.5857096593 
1.0874999999 2.9668476742 
1.2250000001 3.4041660827 
1.3625 3.9059459708 
1.5 4.4816890703 
