weight
405
109
549
72
32
248
221
234
287
15
388
166
106
257
62
525
673
610
709
494
498
194
49
144
93
203
179
70
717
185
373
380
353
640
509
74
238
149
36
95
529
147
376
662
86
217
380
589
113
496
78
172
318
120
296
1017
197
202
116
129
66
201
292
59
341
606
97
284
915
512
290
87
39
429
643
191
305
258
252 
385
216
66
288
670
390
100
579
106
245
426
599
874
597
656
80
175
106
543
340
134
325
55
274
18
71
211
331
254
87
77
749
21
446
88
283
212
31
286
33
91
556
93
132
54
657
223
325
121
436
124
771
505
251
173
258
484
28
813
663
318
393
157
325
87

