content length extinction
0.1        5       0.237
0.1        5       0.235
0.1        5       0.247
0.1        5       0.222
0.1        5       0.245
0.25       3       0.267
0.25       3       0.247
0.25       3       0.260
0.25       3       0.251
0.25       3       0.273
0.50       2       0.308
0.50       2       0.310
0.50       2       0.330
0.50       2       0.304
0.50       2       0.316
1.00       1       0.304
1.00       1       0.300
1.00       1       0.311
1.00       1       0.301
1.00       1       0.322
